0000001100019970301115559501513123810418101     0Kapper Faker        1.0                 BK Consult      2.0T                                E
00000022001                15801972ADKK
000000321015442148135                       1989112519861226                        620080108                                                  R
000000421018416941962                       2005061420151021                        120140531                                                  R
00000052111255780749472278519720220
000000621010601800731                       1974011120080725                        220081213
000000721013727297288                       2004022419840414                        219900319                                                   
000000821012772217921                       2001120619890818                        119960606                                                  R
00000092111290577985253782620181112
000001021019415119831                       2007052020050119                        119730129                                                   
000001121010736830357                       2000050619790216                        719810506                                                   
000001221013815920391                       1995092619960521                        620010401                                                  R
00000132111252661276063518619980103
000001499990000014
